0 69 65 1 1
1 70 66 1 1
2 69 65 1 1
3 67 64 1 1
4 74 68 1 1
5 74 68 1/2 1
11/2 72 67 1/2 1
6 70 66 1 1
7 69 65 1 1
8 72 67 1 1
9 70 66 1 1
10 69 65 1 1
11 67 64 1 1
12 72 67 1 1
13 70 66 1 1
14 69 65 1 1
15 67 64 1 1
16 69 65 1 1
17 70 66 1 1
18 69 65 1 1
19 67 64 1 1
20 74 68 1 1
21 74 68 1/2 1
43/2 72 67 1/2 1
22 70 66 1 1
23 69 65 1 1
24 72 67 1 1
25 70 66 1 1
26 69 65 1 1
27 67 64 1 1
28 72 67 1 1
29 70 66 1 1
30 69 65 1 1
31 67 64 1 1
32 67 64 1 1
33 69 65 1 1
34 65 63 1 1
35 64 62 1 1
36 62 61 1/2 1
73/2 64 62 1/2 1
37 65 63 1 1
38 67 64 1 1
39 69 65 1 1
40 65 63 1 1
41 67 64 1/2 1
83/2 69 65 1/2 1
42 70 66 1 1
43 69 65 1 1
44 70 66 1 1
45 67 64 1 1
46 66 63 1 1
47 67 64 1 1
48 67 64 1 1
49 74 68 1 1
50 70 66 1 1
51 72 67 1 1
52 74 68 1 1
53 72 67 1 1
54 70 66 1 1
55 69 65 2 1
57 69 65 3 1
