0 65 63 1 1
1 67 64 1/2 1
3/2 60 60 1/2 1
2 65 63 1/2 1
5/2 53 56 1/2 1
3 57 58 1/2 1
7/2 53 56 1/2 1
4 57 58 1/2 1
9/2 60 60 1/2 1
5 65 63 1/4 1
21/4 70 66 1/4 1
11/2 69 65 1/4 1
23/4 67 64 1/4 1
6 65 63 1/2 1
13/2 67 64 1/2 1
7 69 65 1 1
8 69 65 1 1
9 65 63 1/2 1
19/2 67 64 1/4 1
39/4 69 65 1/4 1
10 70 66 1/2 1
21/2 72 67 1/4 1
43/4 70 66 1/4 1
11 69 65 1/2 1
23/2 67 64 1/2 1
12 67 64 1/2 1
25/2 72 67 1/2 1
13 72 67 1/2 1
27/2 71 66 1/4 1
55/4 69 65 1/4 1
14 71 66 1 1
15 72 67 1 1
16 65 63 3/2 1
35/2 70 66 1/2 1
18 69 65 1/2 1
37/2 67 64 1/2 1
19 65 63 1/2 1
39/2 60 60 1/2 1
20 65 63 1/2 1
41/2 60 60 1/2 1
21 60 60 1/2 1
43/2 57 58 1/4 1
87/4 53 56 1/4 1
22 60 60 1/2 1
45/2 60 60 1/4 1
91/4 60 60 1/4 1
23 57 58 1 1
24 65 63 1 1
25 67 64 1/2 1
51/2 60 60 1/2 1
26 65 63 1/2 1
53/2 53 56 1/2 1
27 57 58 1/2 1
55/2 53 56 1/2 1
28 57 58 1/2 1
57/2 60 60 1/2 1
29 65 63 1/4 1
117/4 70 66 1/4 1
59/2 69 65 1/4 1
119/4 67 64 1/4 1
30 65 63 1/2 1
61/2 67 64 1/2 1
31 69 65 1 1
32 69 65 1 1
33 65 63 1/2 1
67/2 67 64 1/4 1
135/4 69 65 1/4 1
34 70 66 1/2 1
69/2 72 67 1/4 1
139/4 70 66 1/4 1
35 69 65 1/2 1
71/2 67 64 1/2 1
36 67 64 1/2 1
73/2 72 67 1/2 1
37 72 67 1/2 1
75/2 71 66 1/4 1
151/4 69 65 1/4 1
38 71 66 1 1
39 72 67 1 1
40 65 63 3/2 1
83/2 70 66 1/2 1
42 69 65 1/2 1
85/2 67 64 1/2 1
43 65 63 1/2 1
87/2 60 60 1/2 1
44 65 63 1/2 1
89/2 60 60 1/2 1
45 60 60 1/2 1
91/2 57 58 1/4 1
183/4 53 56 1/4 1
46 60 60 1/2 1
93/2 60 60 1/4 1
187/4 60 60 1/4 1
47 57 58 1 1
49 67 64 1/2 1
99/2 60 60 1/4 1
199/4 60 60 1/4 1
50 60 60 1/4 1
201/4 60 60 1/4 1
101/2 60 60 1/4 1
203/4 60 60 1/4 1
51 65 63 2 1
53 67 64 1/4 1
213/4 65 63 1/4 1
107/2 67 64 1/4 1
215/4 69 65 1/4 1
54 67 64 1 1
55 65 63 2 1
57 65 63 1/2 1
115/2 60 60 1/2 1
58 65 63 1/2 1
117/2 60 60 1/2 1
59 72 67 1/2 1
119/2 70 66 1/4 1
239/4 69 65 1/4 1
60 70 66 1/2 1
121/2 72 67 1/4 1
243/4 70 66 1/4 1
61 69 65 1/2 1
123/2 67 64 1/2 1
62 65 63 1/2 1
125/2 60 60 1/2 1
63 72 67 3/2 1
129/2 60 60 1/2 1
65 67 64 1/2 1
131/2 65 63 1/4 1
263/4 64 62 1/4 1
66 65 63 3/2 1
135/2 53 56 1/2 1
68 60 60 1/2 1
137/2 60 60 1/4 1
275/4 60 60 1/4 1
69 57 58 2 1
71 69 65 1/4 1
285/4 67 64 1/4 1
143/2 69 65 1/4 1
287/4 70 66 1/4 1
72 72 67 3/2 1
147/2 70 66 1 1
149/2 69 65 1 1
151/2 67 64 1 1
153/2 65 63 1 1
155/2 53 56 1/2 1
78 60 60 1/2 1
157/2 60 60 1/4 1
315/4 60 60 1/4 1
79 57 58 1 1
