0 65 63 3/2 1
3/2 67 64 1/4 1
7/4 65 63 1/4 1
2 64 62 1/4 1
5/2 65 63 1/4 1
3 60 60 1 1
6 65 63 3/2 1
15/2 67 64 1/4 1
31/4 65 63 1/4 1
8 64 62 1/4 1
17/2 65 63 1/4 1
9 62 61 1 1
12 77 70 3/2 1
27/2 79 71 1/4 1
55/4 77 70 1/4 1
14 76 69 1/4 1
29/2 77 70 1/4 1
15 79 71 2 1
17 70 66 1 1
18 69 65 2 1
20 74 68 3/4 1
83/4 70 66 1/4 1
21 69 65 2 1
23 67 64 1 1
24 65 63 3/2 1
51/2 67 64 1/4 1
103/4 65 63 1/4 1
26 64 62 1/4 1
53/2 65 63 1/4 1
27 60 60 1 1
30 65 63 3/2 1
63/2 67 64 1/4 1
127/4 65 63 1/4 1
32 64 62 1/4 1
65/2 65 63 1/4 1
33 62 61 1 1
36 77 70 3/2 1
75/2 79 71 1/4 1
151/4 77 70 1/4 1
38 76 69 1/4 1
77/2 77 70 1/4 1
39 81 72 2 1
41 79 71 1 1
42 79 71 3/2 1
87/2 81 72 1/4 1
175/4 79 71 1/4 1
44 78 70 1/4 1
89/2 79 71 1/4 1
45 82 73 2 1
47 81 72 1 1
48 81 72 3/2 1
99/2 82 73 1/4 1
199/4 81 72 1/4 1
50 79 71 1/4 1
101/2 81 72 1/4 1
51 84 74 3/2 1
105/2 82 73 1/2 1
53 81 72 1/2 1
107/2 79 71 1/2 1
54 77 70 2 1
56 79 71 1/16 1
897/16 77 70 1/16 1
449/8 76 69 1/16 1
899/16 77 70 1/16 1
225/4 81 72 1/4 1
113/2 79 71 1/2 1
57 77 70 1 1
63 77 70 3/2 1
129/2 79 71 1/4 1
259/4 77 70 1/4 1
65 76 69 1/4 1
131/2 77 70 1/4 1
69 79 71 3/2 1
141/2 81 72 1/4 1
283/4 79 71 1/4 1
71 78 70 1/4 1
143/2 79 71 1/4 1
75 84 74 3/2 1
153/2 86 75 1/4 1
307/4 84 74 1/4 1
77 83 73 1/4 1
155/2 84 74 1/4 1
78 86 75 3/2 1
159/2 87 76 1/4 1
319/4 86 75 1/4 1
80 85 74 1/4 1
161/2 86 75 1/4 1
81 88 76 1/2 1
82 88 76 1/2 1
83 88 76 1/2 1
84 89 77 1 1
177/2 69 65 1/2 1
89 69 65 1/8 1
713/8 70 66 1/8 1
357/4 69 65 1/8 1
715/8 70 66 1/8 1
179/2 69 65 1/8 1
717/8 70 66 1/8 1
359/4 69 65 1/8 1
719/8 70 66 1/8 1
90 72 67 3/2 1
183/2 70 66 1/2 1
92 67 64 1/4 1
185/2 65 63 1/4 1
93 64 62 1 1
189/2 70 66 1/2 1
95 70 66 1/8 1
761/8 72 67 1/8 1
381/4 70 66 1/8 1
763/8 72 67 1/8 1
191/2 70 66 1/8 1
765/8 72 67 1/8 1
383/4 70 66 1/8 1
767/8 72 67 1/8 1
96 74 68 3/2 1
195/2 72 67 1/2 1
98 69 65 1/4 1
197/2 67 64 1/4 1
99 65 63 1 1
201/2 77 70 1/2 1
101 77 70 1/8 1
809/8 79 71 1/8 1
405/4 77 70 1/8 1
811/8 79 71 1/8 1
203/2 77 70 1/8 1
813/8 79 71 1/8 1
407/4 77 70 1/8 1
815/8 79 71 1/8 1
102 81 72 3/2 1
207/2 79 71 1/2 1
104 79 71 1/4 1
209/2 77 70 1/4 1
105 77 70 1/2 1
211/2 76 69 1/2 1
106 76 69 1/4 1
213/2 74 68 1/4 1
107 72 67 1/4 1
215/2 70 66 1/4 1
108 69 65 7/2 1
223/2 71 66 1/4 1
447/4 73 67 1/4 1
112 74 68 1/4 1
449/4 76 69 1/4 1
225/2 77 70 1/4 1
451/4 76 69 1/4 1
113 74 68 1/4 1
453/4 72 67 1/4 1
227/2 71 66 1/4 1
455/4 69 65 1/4 1
114 67 64 7/2 1
235/2 69 65 1/4 1
471/4 71 66 1/4 1
118 72 67 1/4 1
473/4 71 66 1/4 1
237/2 72 67 1/4 1
475/4 71 66 1/4 1
119 72 67 1/4 1
477/4 71 66 1/4 1
239/2 72 67 1/4 1
479/4 71 66 1/4 1
120 72 67 9/2 1
249/2 73 67 1/4 1
499/4 72 67 1/4 1
125 70 66 1/4 1
251/2 72 67 1/4 1
126 75 69 3/2 1
255/2 73 67 1/2 1
128 70 66 1/4 1
257/2 68 64 1/4 1
129 67 64 1 1
261/2 75 69 1/4 1
523/4 73 67 1/4 1
131 72 67 1/4 1
263/2 73 67 1/4 1
132 77 70 3/2 1
267/2 75 69 1/2 1
134 72 67 1/4 1
269/2 70 66 1/4 1
135 69 65 1 1
273/2 77 70 1/4 1
547/4 75 69 1/4 1
137 74 68 1/4 1
275/2 75 69 1/4 1
138 77 70 3 1
141 75 69 1/2 1
142 74 68 1/2 1
143 72 67 1/2 1
144 71 66 1/4 1
577/4 67 64 1/8 1
289/2 69 65 1/8 1
579/4 71 66 1/8 1
145 72 67 1/8 1
581/4 74 68 1/8 1
291/2 76 69 1/8 1
583/4 78 70 1/8 1
146 79 71 1/8 1
585/4 78 70 1/8 1
293/2 79 71 1/8 1
587/4 78 70 1/8 1
147 79 71 1 1
297/2 83 73 1/4 1
149 83 73 1/4 1
299/2 84 74 1/4 1
150 83 73 1/4 1
601/4 67 64 1/4 1
301/2 69 65 1/4 1
603/4 71 66 1/4 1
151 72 67 1/4 1
605/4 74 68 1/4 1
303/2 76 69 1/4 1
607/4 78 70 1/4 1
152 79 71 1/4 1
609/4 78 70 1/4 1
305/2 79 71 1/4 1
611/4 78 70 1/4 1
153 79 71 1 1
309/2 83 73 1/4 1
155 83 73 1/4 1
311/2 84 74 1/4 1
156 83 73 1/2 1
313/2 55 57 1/4 1
627/4 57 58 1/4 1
157 59 59 1/4 1
629/4 60 60 1/4 1
315/2 62 61 1/4 1
631/4 64 62 1/4 1
158 66 63 1/4 1
633/4 67 64 1/4 1
317/2 66 63 1/4 1
635/4 67 64 1/4 1
159 67 64 1/4 1
637/4 67 64 1/4 1
319/2 69 65 1/4 1
639/4 71 66 1/4 1
160 72 67 1/4 1
641/4 74 68 1/4 1
321/2 76 69 1/4 1
643/4 78 70 1/4 1
161 79 71 1/4 1
645/4 78 70 1/4 1
323/2 79 71 1/4 1
647/4 78 70 1/4 1
162 79 71 1/2 1
325/2 79 71 1 1
327/2 79 71 1 1
329/2 79 71 3/2 1
165 80 71 1/2 1
331/2 80 71 1 1
333/2 80 71 1 1
335/2 80 71 1/2 1
168 81 72 1/2 1
337/2 81 72 1/2 1
169 77 70 1/2 1
339/2 77 70 1/2 1
170 74 68 1/2 1
341/2 74 68 1/2 1
171 71 66 1/2 1
343/2 71 66 1/2 1
172 67 64 1/2 1
345/2 67 64 1/2 1
173 71 66 1/2 1
347/2 71 66 1/2 1
174 72 67 1/2 1
349/2 72 67 1/2 1
175 74 68 1/2 1
351/2 74 68 1/2 1
176 76 69 1/2 1
353/2 76 69 1/2 1
178 77 70 1 1
