0 62 61 4 1
0 71 66 4 1
4 64 62 1 1
4 72 67 1 1
4 55 57 1 1
8 72 67 2 1
10 74 68 2 1
12 71 66 2 1
14 72 67 1 1
15 73 67 1 1
16 74 68 2 1
18 75 68 1 1
19 76 69 1 1
20 79 71 1 1
21 77 70 1/8 1
169/8 79 71 1/8 1
85/4 77 70 1/8 1
171/8 79 71 1/8 1
43/2 77 70 1/8 1
173/8 79 71 1/8 1
87/4 77 70 1/8 1
175/8 79 71 1/8 1
22 76 69 1/4 1
89/4 77 70 1/4 1
45/2 76 69 1/4 1
47/2 79 71 1/2 1
24 84 74 1/2 1
49/2 88 76 1/4 1
99/4 86 75 1/4 1
25 84 74 1/8 1
101/4 83 73 1/8 1
51/2 81 72 1/8 1
103/4 79 71 1/8 1
26 77 70 1/8 1
105/4 76 69 1/8 1
53/2 74 68 1/8 1
107/4 72 67 1/8 1
27 71 66 1/8 1
109/4 69 65 1/8 1
55/2 67 64 1/8 1
111/4 65 63 1/8 1
28 64 62 2 1
30 62 61 1 1
31 69 65 1 1
32 60 60 2 1
34 59 59 1/2 1
69/2 60 60 1/4 1
35 62 61 1/4 1
71/2 64 62 1/4 1
36 67 64 1 1
37 65 63 1/8 1
297/8 67 64 1/8 1
149/4 65 63 1/8 1
299/8 67 64 1/8 1
75/2 65 63 1/8 1
301/8 67 64 1/8 1
151/4 65 63 1/8 1
303/8 67 64 1/8 1
38 64 62 1/2 1
40 72 67 2 1
42 74 68 2 1
44 71 66 2 1
46 72 67 1 1
47 76 69 1 1
48 77 70 2 1
50 78 70 1 1
51 79 71 1 1
52 81 72 1 1
53 83 73 5/32 1
3403/64 81 72 5/32 1
3413/64 80 71 5/32 1
107/2 81 72 1/4 1
215/4 83 73 1/4 1
54 84 74 3/2 1
111/2 84 74 1/2 1
56 84 74 1/4 1
225/4 76 69 1/4 1
113/2 77 70 1/8 1
227/4 78 70 1/8 1
57 79 71 1/4 1
229/4 71 66 1/4 1
115/2 72 67 1/8 1
231/4 74 68 1/8 1
58 76 69 1/4 1
233/4 64 62 1/4 1
117/2 65 63 1/8 1
235/4 66 63 1/8 1
59 67 64 1/4 1
237/4 59 59 1/4 1
119/2 60 60 1/8 1
239/4 62 61 1/8 1
60 64 62 2 1
62 65 63 1 1
63 69 65 1 1
64 62 61 1/8 1
64 60 60 1/8 1
513/8 64 62 1/8 1
257/4 62 61 1/8 1
515/8 64 62 1/8 1
129/2 62 61 1/8 1
517/8 64 62 1/8 1
259/4 62 61 1/8 1
519/8 64 62 1/8 1
65 62 61 1/8 1
521/8 64 62 1/8 1
261/4 62 61 1/8 1
523/8 64 62 1/8 1
131/2 62 61 1/8 1
525/8 64 62 1/8 1
263/4 62 61 1/8 1
527/8 64 62 1/8 1
66 62 61 1/8 1
529/8 64 62 1/8 1
265/4 62 61 1/8 1
531/8 64 62 1/8 1
133/2 62 61 1/8 1
533/8 64 62 1/8 1
267/4 62 61 1/8 1
535/8 64 62 1/8 1
67 62 61 1/8 1
537/8 64 62 1/8 1
269/4 62 61 1/8 1
539/8 64 62 1/8 1
135/2 62 61 1/8 1
541/8 64 62 1/8 1
271/4 62 61 1/8 1
543/8 64 62 1/8 1
68 60 60 1/2 1
137/2 79 71 1/2 1
69 78 70 1/2 1
139/2 81 72 1/2 1
70 79 71 1/2 1
141/2 76 69 1/2 1
71 77 70 1/2 1
143/2 74 68 1/2 1
72 72 67 3 1
75 71 66 1/2 1
151/2 74 68 1/2 1
76 77 70 4 1
161/2 86 75 1/2 1
81 85 74 1/2 1
163/2 88 76 1/2 1
82 86 75 1/2 1
165/2 83 73 1/2 1
83 84 74 1/2 1
167/2 81 72 1/2 1
84 79 71 8 1
185/2 88 76 1/2 1
93 86 75 1/2 1
187/2 89 77 1/2 1
94 88 76 1/4 1
189/2 84 74 1/2 1
95 83 73 1/2 1
191/2 86 75 1/2 1
96 84 74 1/4 1
193/2 81 72 1/2 1
97 80 71 1/2 1
195/2 83 73 1/2 1
98 81 72 1/4 1
197/2 79 71 1/2 1
99 78 70 1/2 1
199/2 81 72 1/2 1
100 79 71 1/2 1
201/2 78 70 1/2 1
101 76 69 1/2 1
203/2 74 68 1/2 1
102 73 67 1/4 1
205/2 79 71 1/2 1
103 76 69 1/2 1
207/2 73 67 1/2 1
104 74 68 1/4 1
209/2 74 68 1/2 1
105 76 69 1/2 1
211/2 73 67 1/2 1
106 74 68 1/4 1
213/2 74 68 1/2 1
107 76 69 1/2 1
215/2 73 67 1/2 1
108 74 68 1/4 1
217/2 74 68 1/2 1
109 76 69 1/2 1
219/2 73 67 1/2 1
110 74 68 1/4 1
221/2 74 68 1/2 1
111 76 69 1/2 1
223/2 73 67 1/2 1
112 74 68 1/4 1
225/2 72 67 1/2 1
113 71 66 1/2 1
227/2 74 68 1/2 1
114 72 67 1 1
