0 69 65 1 1
0 81 72 1 1
1 78 70 1 1
1 69 65 1 1
5/2 69 65 1/2 1
3 69 65 1/2 1
7/2 69 65 1/2 1
4 71 66 1/8 1
33/8 73 67 1/8 1
17/4 71 66 1/8 1
35/8 73 67 1/8 1
9/2 71 66 1/8 1
37/8 73 67 1/8 1
19/4 69 65 1/8 1
39/8 71 66 1/8 1
5 69 65 1 1
25/4 69 65 1/4 1
13/2 71 66 1/4 1
27/4 73 67 1/4 1
7 74 68 1/4 1
29/4 76 69 1/4 1
15/2 78 70 1/4 1
31/4 79 71 1/4 1
8 81 72 1 1
8 69 65 1 1
9 78 70 1 1
9 69 65 1 1
21/2 69 65 1/2 1
11 69 65 1/2 1
23/2 69 65 1/2 1
12 67 64 3/4 1
51/4 66 63 1/8 1
103/8 67 64 1/8 1
13 66 63 1 1
14 74 68 1/2 1
29/2 78 70 1/2 1
15 81 72 1/2 1
31/2 86 75 1/2 1
16 86 75 1/2 1
33/2 85 74 1/2 1
17 83 73 1/4 1
35/2 81 72 1/4 1
18 81 72 1/2 1
37/2 79 71 1/2 1
19 78 70 1/4 1
39/2 76 69 1/4 1
20 78 70 1/4 1
81/4 81 72 1/4 1
41/2 79 71 1/4 1
83/4 83 73 1/4 1
21 81 72 1 1
22 74 68 1/2 1
45/2 78 70 1/2 1
23 81 72 1/2 1
47/2 86 75 1/2 1
24 86 75 1/2 1
49/2 85 74 1/2 1
25 83 73 1/4 1
51/2 81 72 1/4 1
26 81 72 1/2 1
53/2 79 71 1/2 1
27 78 70 1/4 1
55/2 76 69 1/4 1
28 78 70 1/4 1
113/4 81 72 1/4 1
57/2 79 71 1/4 1
115/4 83 73 1/4 1
29 81 72 1 1
30 74 68 1/4 1
121/4 76 69 1/4 1
61/2 78 70 1/4 1
123/4 79 71 1/4 1
31 81 72 1/4 1
125/4 83 73 1/4 1
63/2 85 74 1/4 1
127/4 86 75 1/4 1
32 76 69 1/4 1
129/4 78 70 1/4 1
65/2 79 71 1/4 1
131/4 78 70 1/4 1
33 76 69 1 1
34 76 69 1/4 1
137/4 78 70 1/4 1
69/2 79 71 1/4 1
139/4 81 72 1/4 1
35 83 73 1/4 1
141/4 79 71 1/4 1
71/2 78 70 1/4 1
143/4 76 69 1/4 1
36 78 70 1/8 1
289/8 79 71 1/8 1
145/4 81 72 3/4 1
37 81 72 2 1
39 79 71 1/4 1
157/4 78 70 1/4 1
79/2 76 69 1/4 1
159/4 74 68 1/4 1
40 73 67 1/4 1
161/4 74 68 1/4 1
81/2 73 67 1/4 1
163/4 74 68 1/4 1
41 76 69 1/4 1
165/4 78 70 1/4 1
83/2 76 69 1/4 1
167/4 78 70 1/4 1
42 79 71 1/2 1
85/2 76 69 1/2 1
43 74 68 1/2 1
87/2 73 67 1/2 1
44 74 68 1 1
45 62 61 1/4 1
181/4 61 60 1/4 1
91/2 62 61 1/4 1
183/4 64 62 1/4 1
46 62 61 1/2 1
48 62 61 3 1
51 83 73 1 1
52 81 72 1/2 1
105/2 80 71 1/2 1
53 80 71 2 1
55 78 70 1 1
56 78 70 1/8 1
449/8 79 71 1/8 1
225/4 78 70 1/8 1
451/8 79 71 1/8 1
113/2 76 69 1/2 1
57 76 69 2 1
59 74 68 1 1
60 74 68 1/8 1
481/8 76 69 1/8 1
241/4 74 68 1/8 1
483/8 76 69 1/8 1
121/2 74 68 1/8 1
485/8 76 69 1/8 1
243/4 74 68 1/8 1
487/8 76 69 1/8 1
61 73 67 1 1
62 78 70 1/2 1
125/2 76 69 1/2 1
63 74 68 1/4 1
127/2 73 67 1/4 1
64 73 67 1 1
65 71 66 1 1
66 80 71 1/2 1
133/2 78 70 1/2 1
67 76 69 1/4 1
135/2 74 68 1/4 1
68 74 68 1 1
69 73 67 1 1
70 69 65 1 1
71 81 72 2 1
73 79 71 1/2 1
147/2 78 70 1/2 1
74 76 69 1 1
75 74 68 1/2 1
151/2 73 67 1/2 1
76 73 67 1/8 1
609/8 74 68 1/8 1
305/4 73 67 1/8 1
611/8 74 68 1/8 1
153/2 73 67 1/8 1
613/8 74 68 1/8 1
307/4 71 66 1/8 1
615/8 73 67 1/8 1
77 71 66 1 1
78 83 73 1/2 1
157/2 80 71 1/4 1
315/4 76 69 1/4 1
79 83 73 1/2 1
159/2 80 71 1/4 1
319/4 76 69 1/4 1
80 81 72 1/2 1
161/2 85 74 1/2 1
81 76 69 2 1
83 74 68 1/8 1
665/8 76 69 1/8 1
333/4 74 68 1/8 1
667/8 76 69 1/8 1
167/2 74 68 1/8 1
669/8 76 69 1/8 1
335/4 73 67 1/8 1
671/8 74 68 1/8 1
84 73 67 1/2 1
169/2 76 69 1/2 1
85 81 72 1 1
86 83 73 1/2 1
173/2 80 71 1/4 1
347/4 76 69 1/4 1
87 83 73 1/2 1
175/2 80 71 1/4 1
351/4 76 69 1/4 1
88 81 72 1/2 1
177/2 85 74 1/2 1
89 76 69 2 1
91 74 68 3/4 1
367/4 73 67 1/8 1
735/8 74 68 1/8 1
92 73 67 1/2 1
185/2 81 72 1 1
187/2 79 71 1 1
189/2 78 70 1 1
191/2 77 69 1/2 1
96 78 70 3/2 1
195/2 80 71 1/2 1
98 81 72 3/2 1
199/2 82 72 1/2 1
100 83 73 3/2 1
203/2 85 74 1/2 1
102 88 76 1/4 1
409/4 86 75 1/4 1
205/2 85 74 1/4 1
411/4 83 73 1/4 1
103 83 73 1/4 1
413/4 81 72 1/4 1
207/2 80 71 1/4 1
415/4 78 70 1/4 1
104 76 69 1 1
105 74 68 1/4 1
421/4 73 67 1/4 1
211/2 71 66 1/4 1
423/4 69 65 1/4 1
106 71 66 1/8 1
849/8 73 67 1/8 1
425/4 71 66 1/8 1
851/8 73 67 1/8 1
213/2 71 66 1/8 1
853/8 73 67 1/8 1
427/4 71 66 1/8 1
855/8 73 67 1/8 1
107 71 66 1/8 1
857/8 73 67 1/8 1
429/4 71 66 1/8 1
859/8 73 67 1/8 1
215/2 71 66 1/8 1
861/8 73 67 1/8 1
431/4 71 66 1/8 1
863/8 73 67 1/8 1
108 69 65 1 1
